33.200000
36.000000
38.800000
41.600000
42.800000
45.600000
46.400000
46.800000
48.000000
49.600000
50.400000
52.000000
53.600000
55.200000
56.800000
58.400000
60.000000
61.600000
63.200000
64.800000
66.400000
68.000000
70.000000
72.000000
74.400000
76.800000
79.200000
81.600000
84.000000
86.000000
88.400000
90.800000
93.200000
95.600000
98.000000
100.400000
102.800000
105.200000
107.600000
110.000000
112.400000
114.800000
117.200000
119.600000
122.000000
124.400000
126.800000
129.200000
131.600000
134.000000
136.400000
138.800000
141.200000
143.600000
143.200000
141.600000
140.000000
140.400000
140.800000
141.200000
141.600000
144.000000
146.400000
148.800000
151.200000
153.600000
156.000000
158.400000
160.800000
163.200000
165.600000
168.000000
170.400000
172.800000
175.200000
177.600000
180.000000
182.400000
184.800000
187.200000
189.600000
192.000000
194.000000
195.600000
197.200000
198.800000
200.400000
202.000000
204.000000
205.600000
207.200000
208.800000
210.400000
212.000000
214.000000
216.000000
218.400000
220.800000
223.200000
225.600000
228.000000
230.400000
232.800000
234.400000
236.000000
237.600000
239.200000
240.800000
242.400000
244.000000
245.600000
247.200000
248.800000
250.400000
252.000000
253.600000
255.200000
256.800000
258.400000
258.000000
257.600000
257.200000
256.800000
256.400000
256.000000
255.600000
257.200000
258.800000
260.400000
262.000000
264.000000
266.000000
268.000000
270.400000
272.800000
275.200000
277.600000
280.000000
282.400000
284.800000
287.200000
289.600000
292.000000
294.400000
296.800000
299.200000
301.600000
304.000000
306.400000
308.800000
311.200000
313.600000
316.000000
318.400000
318.800000
319.200000
319.600000
320.000000
320.400000
320.800000
321.200000
321.600000
322.000000
322.400000
322.800000
323.200000
323.600000
324.000000
324.400000
324.800000
325.200000
325.600000
326.000000
326.400000
326.800000
327.200000
327.600000
328.000000
328.400000
328.800000
329.200000
329.600000
330.000000
330.400000
330.800000
331.200000
331.600000
332.000000
332.400000
332.800000
333.200000
333.600000
334.000000
334.400000
334.800000
335.200000
335.600000
336.000000
336.400000
336.800000
337.200000
337.600000
338.000000
338.400000
338.800000
339.200000
339.600000
340.000000
340.400000
340.800000
341.600000
342.800000
344.000000
344.800000
345.200000
345.600000
346.000000
346.400000
345.200000
344.000000
342.800000
341.600000
340.800000
340.400000
340.000000
339.600000
339.200000
338.800000
338.400000
338.000000
337.600000
337.200000
336.800000
336.400000
336.000000
335.600000
335.200000
334.800000
334.400000
334.000000
333.600000
333.200000
332.800000
332.400000
332.000000
331.600000
331.200000
330.800000
330.400000
330.000000
329.600000
329.200000
328.800000
328.400000
328.000000
327.600000
327.200000
326.800000
326.400000
326.000000
325.600000
325.200000
324.800000
324.400000
324.000000
323.600000
323.200000
322.800000
322.400000
322.000000
321.600000
321.200000
320.800000
320.400000
320.000000
319.600000
319.200000
318.800000
318.400000
318.000000
317.600000
317.200000
316.800000
316.400000
316.000000
315.600000
315.200000
314.800000
314.400000
314.000000
311.600000
309.200000
306.800000
304.400000
302.000000
299.600000
297.200000
294.800000
292.400000
290.000000
288.400000
286.800000
284.400000
282.000000
280.000000
278.400000
276.800000
275.200000
275.600000
276.000000
276.400000
276.800000
277.600000
276.000000
274.400000
272.000000
270.400000
268.800000
267.200000
265.600000
264.000000
262.000000
260.400000
258.400000
256.000000
253.600000
251.200000
248.800000
246.400000
244.000000
242.400000
240.000000
237.600000
235.200000
232.800000
230.400000
228.000000
226.400000
224.800000
223.200000
221.600000
220.000000
218.400000
216.800000
215.200000
213.600000
212.000000
210.400000
208.800000
207.200000
205.600000
204.000000
202.400000
200.800000
198.400000
